   -1.301000	
   -1.301000	
   -1.301000	
   -1.301000	
   -1.301000	
   -1.301000	
   -1.301000	
   -1.301000	
   -1.301000	
   -1.301000	
   -1.301000	
   -1.301000	
   -1.302000	
   -1.302000	
   -1.302000	
   -1.302000	
   -1.302000	
   -1.302000	
   -1.302000	
   -1.302000	
   -1.302000	
   -1.302000	
   -1.302000	
   -1.302000	
   -0.300000	
   -0.300000	
   -0.300000	
   -0.300000	
   -0.300000	
   -0.300000	
   -0.300000	
   -0.300000	
   -0.300000	
   -0.300000	
   -0.300000	
   -0.300000	
   -0.300000	
   -0.300000	
   -0.300000	
   -0.300000	
   -0.300000	
   -0.300000	
   -0.300000	
   -0.300000	
   -0.300000	
   -0.300000	
   -0.300000	
   -0.300000	
   -0.300000	
   -0.300000	
   -0.300000	
   -0.300000	
   -0.300000	
   -0.300000	
   -0.300000	
   -0.300000	
    0.000000	
    0.000000	
    0.000000	
    0.000000	
    0.000000	
    0.000000	
    0.000000	
    0.000000	
    0.000000	
    0.000000	
    0.000000	
    0.000000	
    0.000000	
    0.000000	
    0.000000	
    0.000000	
    0.000000	
    0.000000	
    0.000000	
    0.000000	
    0.000000	
    0.000000	
    0.000000	
    0.000000	
    0.000000	
    0.000000	
    0.000000	
    0.000000	
    0.000000	
    0.000000	
    0.000000	
    0.000000	
    0.000000	
    0.000000	
    0.000000	
    0.000000	
    0.000000	
    0.000000	
    0.000000	
    0.000000	
    0.000000	
    0.000000	
    0.000000	
    0.000000	
    0.000000	
    0.000000	
    0.000000	
    0.000000	
    0.300000	
    0.300000	
    0.300000	
    0.300000	
    0.300000	
    0.300000	
    0.300000	
    0.300000	
    0.300000	
    0.300000	
    0.300000	
    0.300000	
    0.300000	
    0.300000	
    0.300000	
    0.300000	
    0.300000	
    0.300000	
    0.300000	
    0.300000	
    0.300000	
    0.300000	
    0.300000	
   -2.301000	
   -2.301000	
   -2.301000	
   -2.301000	
   -2.301000	
   -2.301000	
   -2.301000	
   -2.301000	
   -2.302000	
   -2.302000	
   -2.302000	
   -2.302000	
   -2.302000	
   -2.302000	
   -2.302000	
   -2.302000	
   -2.302000	
