    0.301030	
    0.477121	
    0.602060	
    0.698970	
    0.778151	
    0.845098	
    0.903090	
    0.954243	
    1.000000	
    1.041393	
    1.079181	
    1.113943	
    0.301030	
    0.477121	
    0.602060	
    0.698970	
    0.778151	
    0.845098	
    0.903090	
    0.954243	
    1.000000	
    1.041393	
    1.079181	
    1.113943	
   -1.259637	
   -1.221849	
   -1.187087	
   -1.154902	
   -1.124939	
   -1.096910	
   -1.070581	
   -1.045757	
   -1.022276	
   -1.000000	
   -0.698970	
   -0.522879	
   -0.397940	
   -0.301030	
   -0.221849	
   -0.154902	
   -0.096910	
   -0.045757	
    0.000000	
    0.176091	
    0.301030	
    0.477121	
    0.602060	
    0.698970	
    0.778151	
    0.845098	
    0.903090	
    0.954243	
    1.000000	
    1.041393	
    1.079181	
    1.113943	
   -2.187087	
   -2.154902	
   -2.124939	
   -2.096910	
   -2.070581	
   -2.045757	
   -2.022276	
   -2.000000	
   -1.823909	
   -1.698970	
   -1.602060	
   -1.522879	
   -1.455932	
   -1.397940	
   -1.346787	
   -1.301030	
   -1.259637	
   -1.221849	
   -1.187087	
   -1.154902	
   -1.124939	
   -1.096910	
   -1.070581	
   -1.045757	
   -1.022276	
   -1.000000	
   -0.698970	
   -0.522879	
   -0.397940	
   -0.301030	
   -0.221849	
   -0.154902	
   -0.096910	
   -0.045757	
    0.000000	
    0.176091	
    0.301030	
    0.477121	
    0.602060	
    0.698970	
    0.778151	
    0.845098	
    0.903090	
    0.954243	
    1.000000	
    1.041393	
    1.079181	
    1.113943	
   -1.000000	
   -0.698970	
   -0.522879	
   -0.397940	
   -0.301030	
   -0.221849	
   -0.154902	
   -0.096910	
   -0.045757	
    0.000000	
    0.176091	
    0.301030	
    0.477121	
    0.602060	
    0.698970	
    0.778151	
    0.845098	
    0.903090	
    0.954243	
    1.000000	
    1.041393	
    1.079181	
    1.113943	
    0.698970	
    0.778151	
    0.845098	
    0.903090	
    0.954243	
    1.000000	
    1.041393	
    1.079181	
    0.698970	
    0.778151	
    0.845098	
    0.903090	
    0.954243	
    1.000000	
    1.041393	
    1.079181	
    1.113943	
