    0.000147	
    0.007910	
    0.086199	
    0.084886	
    0.003904	
    0.014440	
    0.000368	
    0.006886	
    0.009442	
    0.000250	
    0.000029	
    0.028813	
    0.030295	
    0.002083	
    0.233286	
    0.355042	
    0.507715	
    0.133591	
    0.396307	
    0.498058	
    0.564313	
    0.314162	
    0.548477	
    0.595718	
    0.552005	
    0.156576	
    0.251514	
    0.486534	
    0.611004	
    0.595763	
    0.459310	
    0.204629	
    0.303572	
    0.518419	
    0.590551	
    0.553973	
    0.394042	
    0.136115	
    0.286749	
    0.386160	
    0.564935	
    0.564120	
    0.500145	
    0.315292	
    0.120075	
    0.275058	
    0.383242	
    0.598604	
    0.636035	
    0.584400	
    0.399173	
    0.218858	
    0.337544	
    0.489680	
    0.129240	
    0.376076	
    0.469896	
    0.525621	
    0.318537	
    0.542603	
    0.584894	
    0.535421	
    0.171162	
    0.264550	
    0.485550	
    0.586576	
    0.562881	
    0.419758	
    0.134368	
    0.281052	
    0.376024	
    0.547078	
    0.544647	
    0.481391	
    0.301684	
    0.185280	
    0.194101	
    0.327266	
    0.461832	
    0.513675	
    0.534801	
    0.360903	
    0.259302	
    0.179147	
    0.311264	
    0.336052	
    0.461224	
    0.538017	
    0.541470	
    0.451295	
    0.211632	
    0.122756	
    0.113313	
    0.163437	
    0.182171	
    0.277991	
    0.407569	
    0.432604	
    0.332766	
    0.343977	
    0.613152	
    0.108226	
    0.443742	
    0.618392	
    0.771196	
    0.807363	
    0.790979	
    0.442351	
    0.301382	
    0.252994	
    0.501859	
    0.844167	
    1.000000	
    0.468263	
    0.799977	
    0.869348	
    0.845337	
    0.761151	
    0.520741	
    0.140591	
    0.258791	
    0.233562	
    0.388590	
    0.559705	
    0.715270	
    0.687038	
    0.236236	
    0.446094	
    0.511688	
    0.462869	
    0.323840	
    0.216866	
    0.205353	
    0.243057	
    0.147595	
    0.159403	
    0.130744	
    0.164928	
    0.232685	
    0.203115	
    0.118599	
    0.134397	
    0.110778	
    0.132333	
    0.121649	
    0.138441	
    0.146268	
    0.147046	
    0.152667	
    0.109781	
    0.158699	
    0.186828	
    0.311126	
    0.243684	
    0.208779	
    0.498591	
    0.372465	
    0.141915	
    0.625796	
    0.433100	
    0.258791	
    0.132333	
    0.146268	
    0.147046	
    0.109781	
    0.353857	
    0.829017	
    0.117701	
    0.276987	
    0.586811	
    0.243706	
    0.321061	
    0.332394	
    0.353857	
    0.125831	
    0.411613	
    0.625847	
    0.834679	
    0.984625	
    0.963300	
    0.357029	
    0.649840	
    0.711717	
    0.657143	
    0.486564	
    0.352269	
    0.117698	
    0.311126	
    0.498591	
    0.625796	
    0.829017	
    0.254166	
    0.383379	
    0.477891	
    0.509555	
    0.542413	
    0.482675	
    0.372003	
    0.191771	
    0.663378	
    0.398976	
    0.417665	
    0.174755	
    0.117701	
    0.126309	
    0.129169	
    0.254166	
    0.120761	
    0.383379	
    0.147321	
    0.477891	
    0.190635	
    0.125831	
    0.509555	
    0.194119	
    0.233562	
    0.411613	
    0.542413	
    0.194423	
    0.194978	
    0.252994	
    0.388590	
    0.625847	
    0.482675	
    0.324968	
    0.155766	
    0.501859	
    0.559705	
    0.164928	
    0.121649	
    0.834679	
    0.372003	
    0.461506	
    0.179147	
    0.343977	
    0.844167	
    0.715270	
    0.205353	
    0.232685	
    0.138441	
    0.984625	
    0.191771	
    0.281446	
    0.578565	
    0.185280	
    0.311264	
    0.613152	
    1.000000	
    0.687038	
    0.243057	
    0.203115	
    0.963300	
    0.449443	
    0.546920	
    0.217351	
    0.263283	
    0.233473	
    0.182889	
    0.206122	
    0.153263	
    0.281446	
    0.449443	
    0.191105	
    0.264994	
    0.309495	
    0.300149	
    0.235539	
    0.276987	
    0.194423	
    0.324968	
    0.461506	
    0.578565	
    0.546920	
    0.125897	
    0.244929	
    0.265809	
    0.229198	
    0.142866	
    0.243684	
    0.372465	
    0.433100	
    0.586811	
    0.120761	
    0.147321	
    0.190635	
    0.194119	
    0.194978	
    0.155766	
    0.399540	
    0.162795	
    0.152667	
    0.158699	
    0.186828	
    0.208779	
    0.141915	
    0.663378	
    0.126309	
    0.129169	
    0.399540	
    0.398976	
    0.162795	
    0.236236	
    0.357029	
    0.417665	
    0.125897	
    0.108226	
    0.468263	
    0.446094	
    0.118599	
    0.649840	
    0.174755	
    0.244929	
    0.194101	
    0.336052	
    0.443742	
    0.799977	
    0.511688	
    0.147595	
    0.134397	
    0.711717	
    0.191105	
    0.265809	
    0.136115	
    0.120075	
    0.134368	
    0.327266	
    0.461224	
    0.618392	
    0.869348	
    0.462869	
    0.159403	
    0.110778	
    0.657143	
    0.264994	
    0.229198	
    0.156576	
    0.204629	
    0.286749	
    0.275058	
    0.171162	
    0.281052	
    0.461832	
    0.538017	
    0.771196	
    0.845337	
    0.323840	
    0.130744	
    0.486564	
    0.309495	
    0.142866	
    0.251514	
    0.303572	
    0.386160	
    0.383242	
    0.264550	
    0.376024	
    0.513675	
    0.541470	
    0.807363	
    0.761151	
    0.216866	
    0.352269	
    0.300149	
    0.133591	
    0.314162	
    0.486534	
    0.518419	
    0.564935	
    0.598604	
    0.129240	
    0.318537	
    0.485550	
    0.547078	
    0.534801	
    0.451295	
    0.277991	
    0.790979	
    0.520741	
    0.117698	
    0.235539	
    0.233286	
    0.396307	
    0.548477	
    0.611004	
    0.590551	
    0.564120	
    0.636035	
    0.218858	
    0.376076	
    0.542603	
    0.586576	
    0.544647	
    0.360903	
    0.211632	
    0.113313	
    0.407569	
    0.442351	
    0.140591	
    0.243706	
    0.217351	
    0.182889	
    0.355042	
    0.498058	
    0.595718	
    0.595763	
    0.553973	
    0.500145	
    0.584400	
    0.337544	
    0.469896	
    0.584894	
    0.562881	
    0.481391	
    0.259302	
    0.122756	
    0.163437	
    0.432604	
    0.301382	
    0.321061	
    0.263283	
    0.206122	
    0.507715	
    0.564313	
    0.552005	
    0.459310	
    0.394042	
    0.315292	
    0.399173	
    0.489680	
    0.525621	
    0.535421	
    0.419758	
    0.301684	
    0.182171	
    0.332766	
    0.332394	
    0.233473	
    0.153263	
